82873400000000000 100000032530162225
NONE
NONE
41920245500000000 100000000093109234
NONE
430009895000000000 1000000000833203486
2662200000 10000072035
1 10
82100 100028
2432302000000 10000010128111
60040 100009
NONE
248922300000 1000000065684
6837060200000000 100000000062018473
27534000 100000488
6213000 10000920
867000000 1000177212
720466075000000 1000000000187497
52663570100000000 1000000000033701947
NONE
575217990000000000 1000000007292819411
5142707000 10000010969
22062251500000000 100000000063505302
6444400000 100000075081
NONE
5026000 10000039
7800000 10023117
40070 100109
82650000 100004763
NONE
8520000000 10001500206
99000000 1000163322
65003000 100000247
76948760000000000 100000000789045139
44224177000000 100000000391818
NONE
800 1061
870000 1005810
4720942500000 10000000068198
NONE
58997900000000000 100000009126669160
NONE
286335697000000000 1000000000027697665
30 102
14210000 100005002
NONE
255750000 1000008195
1070400 10000065
79000 100861
NONE
17415832000000000 100000000606411813
NONE
500 1040
NONE
59337251000000 100000000800998
891640500000000 1000000007095551
90 108
550151400000 1000000037712
1 10
842833500000000000 1000000001426223570
1 10
710400 1001055
51752609000000000 100000010044477403
5384200000 10000083316
60139800000 100000005957
NONE
NONE
1 10
851544900500000000 1000000000043471498
NONE
NONE
76000 100156
NONE
7000 10141
2800 10045
12584533320000000 100000000000772748
708000 1010427
743321333220000000 1000000000009163535
666166680000000000 1000000000546635852
831763761100000000 1000000000011466969
237630000000 1000001504145
NONE
57000 100425
902190161000000 100000000000647254
NONE
70 106
57200000 100040630
1 10
NONE
520 1006
800 1052
58635400000 100000055587
7649000000 10000277045
949463700000000 10000000062769047
82000 100414
NONE
4306912830000000 10000000009983006
NONE
70 106
902000 1010810
NONE
8173470000000 10000003633095
NONE
77220702000 100000010898
5880000 10002297
NONE
95000 1000319
NONE
837281422000000 1000000000692379
1063637060000000 10000000104483227
NONE
NONE
NONE
556505960000000000 1000000001601671666
5453230000000 100000003176004
NONE
236300 1000076
4556606700000000 100000000028093736
19684000000 100000344808
NONE
5400 100035
872181000000 1000000844415
NONE
505577000000 1000000441478
297860900000000 1000000017573467
1 100
43983760000000000 100000002731633518
2792710910000000 10000000002397097
NONE
NONE
64312000 100000915
114996303000000 1000000000790784
NONE
840470000 1000002938
319303690000000 1000000009450285
90300000 1001022600
379110000000000 1000006014310212
8560700000 10000044296
64970000000000 100005042051170
1227658230000000 10000000006693344
70 106
355460280000000 1000000008018555
8629000 10000789
15200 100025
25037560000000 100000008023860
12028263000000 100000000315707
7950000 10008075
370 10009
280740000 1000008525
NONE
10220 100004
1829800000000 10000041825016
400 1021
447019400000 1000000063694
NONE
NONE
7690000 10008472
6540200000 10000062224
NONE
6435000000 10000511181
NONE
1 10
1 10
7608568000000000 10000000136029954
343402200015000000 1000000000000238073
2081000 10000163
8291078700000 10000000097979
NONE
NONE
80 107
1 10
NONE
5920000 10002742
NONE
NONE
NONE
11281000 100000525
310 1003
NONE
617920000000000 1000000211151553
38135600000 100000061189
NONE
NONE
36825401590000000 100000000000777975
1 10
NONE
120245300100000 1000000000045125
8649500000000 10000081382432
277200 1000098
60 105
NONE
69467000000000 100000166720603
NONE
6546622200000000 100000000061921643
NONE
716787864600000000 1000000000087995597
8157400000000 10000030171561
239803300000000 1000000010827720
1 10
NONE
