NONE
NONE
800 1025
NONE
NONE
10300 101020
7500 100065
1 10
400 1021
1 10
1 10
NONE
NONE
30 102
5050 10009
3800 10046
NONE
620 1007
NONE
11800 100054
41400 100053
900 1044
180 1008
NONE
50 104
30000 100002
NONE
210 1002
1 10
540 1008
30 102
280 1009
40 103
70 106
NONE
284000 1000094
NONE
NONE
44020 100009
5400 10035
630000 1000116
77000 100355
6000 10302
NONE
41600 100046
8600 10076
346000 1000129
370 1009
60 105
40 1003
320000 1000220
2700 100035
48200 100076
1 100
1 10
1 10
380000 1005230
171600 1000077
220 1003
4600 10027
3800 10055
NONE
NONE
NONE
220 1003
4300 10024
2600 10052
1 10
NONE
730 1009
84000 100128
550 1009
692000 1000277
NONE
305200 1000009
747000 1000809
NONE
60800 101084
549000 1000737
30 102
18400 100057
34700 100085
6100 10015
903000 1010262
1 10
NONE
NONE
1 10
1010 10001
NONE
90 108
64000 100450
390300 1001067
60 105
NONE
6100 10033
313500 1000074
NONE
NONE
NONE
31400 100052
30 102
NONE
50 104
NONE
1440 10008
30 102
NONE
NONE
NONE
4700 10028
300 1011
27000 100152
20 101
60 105
90 108
145000 1000441
77000 100670
508400 1000097
503000 1000250
1 10
NONE
NONE
1 10
900 1026
81700 100078
NONE
NONE
NONE
70600 100066
2020 10102
101 10010
800 1034
33800 100076
NONE
NONE
NONE
340800 1001085
30 1002
1 10
NONE
440 1007
NONE
NONE
89000 100295
60 105
NONE
8000 10106
4500 10044
80 107
410 1004
175000 1000741
1020 10002
90000 100071
1900 10045
881000 1000259
231010 1000105
71000 100700
NONE
77000 100517
38400 100077
880000 1002175
520 1006
1 10
80 107
NONE
84300 100059
NONE
2300 10022
NONE
NONE
470000 1001270
1 10
73000 100612
428000 1000553
790000 1004272
810 1008
1 10
3800 10037
156100 1000057
84200 100094
84000 100821
234900 1000098
NONE
260 1007
NONE
1 10
60700 100075
441600 1000086
70 106
NONE
1 10
47000 100460
600 1023
346000 1000291
176000 1000049
430 1006
NONE
30 102
240 1005
