77
89 98 117 113 142 61 76 1 54 42 41 77 103 21 78 148 18 58 128 141 25 75 29 92 138 80 106 68 95 8 134 115 36 69 72 145 24 33 47 100 108 26 5 127 4 0 49 7 139 123 101 73 40 121 65 136 32 12 146 27 62 144 137 52 64 20 86 91 102 63 93 6 22 59 50 132 111
200
107 108 142 53 125 70 159 150 138 190 158 103 184 160 39 59 32 51 85 175 135 77 91 161 6 193 86 118 98 106 43 121 8 45 7 147 181 124 94 178 58 23 21 37 64 3 149 34 179 42 197 52 100 75 71 187 88 192 47 129 28 76 109 171 31 67 35 177 141 48 152 13 116 180 148 117 93 25 9 41 83 81 11 101 170 17 74 29 87 165 157 139 137 92 182 97 136 162 145 56 22 50 126 153 79 198 176 69 40 132 10 104 14 122 167 19 68 174 113 27 66 154 119 195 65 114 102 80 191 82 95 146 63 151 26 188 111 84 131 143 168 90 4 0 73 105 134 61 57 155 54 194 186 185 130 16 15 164 144 20 12 46 140 24 44 72 2 38 62 172 173 36 1 115 166 199 120 189 183 33 133 99 169 30 55 60 163 127 123 156 128 89 96 49 110 78 18 196 112 5
200
151 12 11 148 21 126 154 7 122 9 85 96 155 116 70 110 170 130 31 18 183 54 49 146 195 73 127 44 75 102 94 65 37 191 142 181 168 43 57 106 83 42 124 5 115 86 92 59 55 109 147 2 68 16 118 28 125 15 99 119 139 95 174 172 6 123 66 39 105 184 41 104 186 82 189 93 53 107 46 97 87 145 58 52 149 62 141 112 90 134 180 74 80 114 71 111 81 185 38 167 29 199 69 113 20 103 171 19 72 50 25 30 150 177 136 35 176 137 158 190 10 8 64 61 27 132 89 159 4 67 193 128 88 197 56 196 23 187 163 175 140 135 165 188 36 13 157 14 138 153 45 162 0 161 98 179 63 1 169 120 60 173 84 22 108 17 32 194 192 133 178 144 40 182 79 121 47 3 34 48 76 26 100 152 91 166 117 33 51 164 160 78 129 198 77 101 156 143 24 131
180
174 65 135 19 173 108 158 165 54 85 88 160 132 148 102 78 168 140 117 4 156 86 61 93 171 58 147 162 105 172 90 2 110 111 127 139 89 164 16 49 41 98 177 79 35 20 114 134 154 3 136 141 83 81 175 129 95 130 170 52 40 17 167 113 34 119 107 128 47 97 32 159 104 42 73 1 121 23 76 6 15 57 5 153 142 63 92 38 143 109 69 118 55 80 11 59 24 26 50 14 94 12 33 106 122 99 179 161 64 36 18 77 101 157 169 115 9 133 27 82 75 72 166 56 96 8 62 37 91 87 124 100 145 22 144 29 112 176 149 10 21 48 151 7 152 53 163 68 126 60 138 67 178 13 103 39 116 44 30 0 155 84 146 131 28 123 71 66 150 120 70 46 51 137 45 74 25 125 43 31
167
86 117 107 147 66 13 30 7 146 158 62 33 41 74 137 163 52 81 38 159 85 43 59 151 108 136 121 15 119 47 92 145 97 21 12 34 141 78 88 131 3 80 95 152 83 79 101 126 73 124 53 142 123 32 144 51 122 138 164 65 35 54 93 77 98 50 64 133 99 110 106 55 135 129 114 100 67 84 42 150 161 113 19 132 2 125 69 48 28 63 157 44 27 134 10 139 68 166 104 103 22 130 75 91 58 156 140 70 153 0 6 29 160 128 111 40 9 72 143 118 109 87 105 23 71 5 17 57 45 102 116 149 162 89 115 8 25 148 90 14 154 56 96 26 31 37 127 94 46 4 120 20 60 36 18 1 49 112 155 76 16 24 82 39 11 165 61
