77
89 98 117 113 61 142 41 77 103 21 78 148 18 58 128 141 86 91 20 64 76 54 42 93 6 68 80 95 115 108 26 36 69 72 65 101 139 123 7 49 0 4 5 127 100 33 24 145 136 40 73 121 27 146 62 144 47 32 12 52 137 75 134 102 8 59 25 92 138 106 111 22 1 63 132 29 50
200
107 108 142 125 53 59 39 160 32 175 120 199 166 115 1 36 85 183 135 91 94 72 124 181 106 98 193 24 185 130 16 15 144 164 20 12 34 149 3 2 38 23 179 54 194 0 4 48 152 31 141 177 28 171 109 76 129 187 71 186 192 88 13 100 116 84 143 180 93 148 117 25 11 101 81 170 17 29 87 165 74 139 157 137 92 182 136 162 145 56 22 126 79 198 176 69 40 132 63 151 10 104 14 41 83 9 26 19 167 114 195 97 27 154 66 113 188 174 153 80 102 50 191 82 119 68 95 65 122 35 67 168 146 131 111 75 105 134 61 57 155 47 197 90 42 52 140 64 173 73 7 45 8 121 43 118 86 44 178 58 21 37 62 6 46 161 147 172 70 159 77 33 99 133 156 189 190 158 103 184 138 49 163 51 127 169 30 55 60 196 112 150 128 96 89 78 123 110 18 5
200
131 151 148 84 47 40 154 126 7 122 162 14 165 88 56 197 196 64 159 183 146 49 176 136 171 185 75 102 65 94 81 71 41 181 168 87 43 42 124 5 115 118 119 125 28 16 147 109 59 55 86 92 68 15 53 83 99 139 95 174 104 186 82 189 2 6 172 39 66 191 123 97 107 105 184 52 58 145 57 106 141 46 90 37 142 111 62 149 114 93 80 150 180 74 134 30 50 25 72 199 69 29 73 113 127 167 38 20 19 112 44 177 103 8 190 158 10 132 89 27 61 137 193 35 54 18 70 67 4 128 60 130 31 170 138 153 36 135 188 195 169 23 187 163 140 32 175 85 9 110 13 157 98 45 0 161 1 108 63 179 22 173 194 21 192 133 96 155 116 26 178 144 120 34 48 17 76 121 79 182 91 166 117 33 3 11 198 77 129 78 12 152 100 24 164 51 143 160 101 156
180
58 158 165 54 85 88 160 132 148 102 78 168 140 117 4 156 86 61 93 171 90 2 110 89 16 150 164 49 98 41 120 114 134 10 21 15 5 57 23 109 69 92 143 38 153 142 29 112 145 22 87 100 65 124 56 96 82 9 27 133 101 169 157 7 53 152 36 131 18 94 12 33 106 80 11 24 26 99 161 179 68 60 126 138 178 67 116 30 0 44 13 103 62 19 37 3 141 83 136 81 175 95 130 52 17 40 113 34 51 42 121 73 1 32 104 159 45 107 97 128 47 147 105 162 172 127 66 111 79 35 177 76 6 25 75 166 72 8 135 39 123 139 154 48 151 63 125 118 55 176 149 144 174 50 14 122 146 155 59 31 170 46 129 137 119 77 115 28 91 173 108 64 84 43 74 167 70 20 71 163
167
11 39 163 81 62 158 33 13 30 7 146 5 109 137 38 159 108 43 85 59 151 121 119 15 79 131 88 3 80 95 34 97 21 152 83 101 126 73 124 53 142 122 138 111 40 143 23 51 164 65 123 35 32 54 12 144 128 0 6 72 57 102 45 162 89 115 150 132 19 113 161 42 2 84 44 99 27 64 98 157 129 100 125 48 63 69 96 26 127 37 60 36 49 112 76 155 24 17 22 75 130 140 70 156 58 91 9 118 104 41 103 87 71 105 148 154 56 90 14 10 93 77 68 47 166 153 160 94 4 46 20 120 139 110 106 149 18 147 1 50 133 114 165 67 29 52 116 82 8 25 28 55 141 78 92 145 31 117 16 66 107 86 74 136 134 135 61
