77
113 76 63 42 148 86 78 142 98 21 89 141 68 54 106 102 20 75 50 25 18 93 111 41 91 80 61 117 1 64 95 115 137 62 36 108 100 101 49 40 33 72 121 136 47 145 65 7 146 4 32 0 52 123 73 5 139 127 69 24 26 134 8 12 27 144 58 77 128 103 138 132 6 92 29 59 22
200
150 163 1 156 133 108 183 70 175 190 196 32 36 169 51 39 128 123 120 135 85 91 77 173 94 72 21 147 8 15 20 45 37 178 121 7 106 6 2 64 181 118 124 140 98 185 23 179 164 42 44 130 75 0 192 61 171 143 47 28 105 152 4 141 177 186 13 90 48 54 109 31 71 88 73 35 76 116 180 93 117 95 19 65 102 92 153 188 82 27 22 170 145 126 68 114 29 122 174 41 165 113 176 198 104 40 25 136 132 83 157 74 167 56 139 26 66 14 9 119 17 69 154 162 50 151 137 148 81 11 146 87 10 182 101 97 79 191 80 195 63 111 172 168 131 67 187 129 155 134 84 57 100 12 197 52 194 3 34 144 38 62 24 86 46 149 193 43 161 30 16 58 166 59 115 160 189 96 5 55 138 158 49 99 184 103 199 60 112 33 127 110 159 142 107 53 89 78 125 18
200
51 198 166 152 48 33 40 3 63 91 34 173 126 194 188 1 60 98 9 0 22 45 135 170 70 31 137 128 14 4 195 197 136 49 73 103 158 44 8 177 127 113 72 75 102 37 149 74 134 191 20 142 186 66 105 97 106 181 6 168 174 104 58 42 118 99 119 15 28 16 124 125 68 86 109 123 139 55 92 53 2 93 147 115 59 82 172 107 5 184 87 145 39 95 90 83 189 199 65 19 52 41 46 57 81 180 141 62 150 114 43 25 29 50 27 71 185 30 94 36 111 38 167 176 80 64 112 69 183 10 89 18 35 190 193 56 175 171 146 187 179 67 132 159 163 61 169 122 140 196 138 110 88 54 7 13 154 157 130 192 85 12 133 79 23 165 17 162 178 32 120 96 116 21 153 155 101 108 161 117 148 26 76 121 11 182 144 131 164 156 143 78 47 100 151 24 84 129 77 160
180
84 74 167 20 121 83 158 150 165 54 43 85 143 141 59 118 63 17 132 148 1 35 104 170 122 125 102 8 50 168 26 128 179 44 57 38 103 76 22 67 86 157 130 142 117 5 162 73 75 40 61 156 171 111 89 3 7 81 113 116 80 29 62 15 23 49 90 107 145 68 109 32 92 147 9 82 33 42 114 52 24 96 93 99 101 153 13 87 138 36 56 177 94 95 12 106 10 37 124 4 51 140 175 79 134 152 69 41 2 136 21 112 127 53 126 18 164 133 139 11 159 34 144 98 78 160 88 176 60 77 110 129 155 66 65 91 119 48 6 161 154 105 30 72 149 16 39 47 169 163 100 27 58 178 45 123 151 55 108 173 28 31 19 135 131 146 14 64 120 174 0 46 97 115 25 71 172 137 70 166
167
135 82 39 61 25 7 33 165 146 147 78 30 137 108 109 127 38 52 15 134 85 21 151 43 59 120 97 40 102 71 138 34 29 79 152 80 83 4 48 142 126 32 76 6 53 23 77 51 101 45 164 93 46 72 103 128 65 115 129 98 162 42 69 150 122 155 54 111 114 19 148 87 27 112 35 156 157 161 60 139 140 22 9 58 75 130 96 104 160 166 44 153 125 91 94 17 113 70 149 99 10 68 105 132 124 89 2 0 90 57 26 36 18 144 84 110 31 143 118 50 73 123 67 154 131 14 88 3 47 116 106 49 64 24 100 95 1 37 28 20 5 63 121 158 16 55 8 136 12 133 56 41 92 141 66 159 62 163 145 11 107 86 13 74 117 119 81
